\begin{table}
\caption{Correlation Matrix of Key Variables}
\begin{tabular}{lrrrrrrr}
\toprule
 & burden & resilience_score & LILATracts_1And10 & LowIncomeTracts & PovertyRate & MedianFamilyIncome & Rural \\
\midrule
burden & 1.000000 & -0.828071 & 0.268559 & 0.429453 & 0.516495 & -0.622243 & 0.240175 \\
resilience_score & -0.828071 & 1.000000 & 0.000004 & -0.383289 & -0.472324 & 0.517121 & -0.000335 \\
LILATracts_1And10 & 0.268559 & 0.000004 & 1.000000 & 0.449817 & 0.295589 & -0.287236 & -0.085437 \\
LowIncomeTracts & 0.429453 & -0.383289 & 0.449817 & 1.000000 & 0.693984 & -0.632002 & -0.100147 \\
PovertyRate & 0.516495 & -0.472324 & 0.295589 & 0.693984 & 1.000000 & -0.659319 & -0.096481 \\
MedianFamilyIncome & -0.622243 & 0.517121 & -0.287236 & -0.632002 & -0.659319 & 1.000000 & -0.105279 \\
Rural & 0.240175 & -0.000335 & -0.085437 & -0.100147 & -0.096481 & -0.105279 & 1.000000 \\
\bottomrule
\end{tabular}
\end{table}
